A, 30, 30, net01/6553, 87, 5, 1
B, 27, 33, net02/6554, 71, 5, 0
C, 32, 34, net03/6555, 70, 5, 0
D, 34, 28, net04/6556, 71, 5, 0
E, 26, 27, net05/6557, 87, 5, 0
F, 22, 24, net06/6558, 83, 5, 0
G, 31, 38, net07/6559, 68, 5, 0
H, 36, 37, net08/6560, 69, 5, 0
I, 38, 31, net09/6561, 70, 5, 0
J, 37, 24, net10/6562, 72, 5, 0
K, 27, 23, net11/6563, 84, 5, 0
L, 18, 24, net12/6564, 82, 5, 0
M, 22, 20, net13/6565, 84, 5, 0
N, 28, 19, net14/6566, 90, 5, 0
O, 26, 37, net15/6567, 74, 5, 0
P, 23, 30, net16/6568, 59, 5, 0
Q, 22, 34, net17/6569, 58, 5, 0
R, 20, 29, net18/6570, 60, 5, 0
S, 25, 41, net19/6571, 75, 5, 0
T, 25, 44, net20/6572, 79, 5, 0
